Intensidade rel. vsPosição angular, Corrida Nr8
Posição angular ( rad )	Intensidade rel. ( % )
0,000	13,954
0,000	13,974
0,000	13,997
0,000	13,917
0,000	13,926
0,000	13,969
0,000	13,930
0,000	13,910
0,000	13,896
0,000	13,873
0,002	13,872
0,002	13,850
0,002	13,858
0,002	13,817
0,002	13,825
0,002	13,840
0,002	13,837
0,002	13,789
0,002	13,754
0,002	13,775
0,002	13,811
0,002	13,714
0,002	13,769
0,002	13,716
0,013	13,757
0,017	14,044
0,020	14,049
0,036	14,056
0,226	14,046
0,680	14,000
1,211	14,054
1,634	14,026
1,974	13,996
2,168	13,944
2,465	14,030
2,683	13,983
2,944	14,000
3,252	13,982
3,550	13,966
3,974	13,942
4,478	13,921
5,017	13,903
5,482	13,907
6,005	13,912
6,520	13,856
7,061	13,869
7,527	13,891
7,991	13,862
8,432	13,833
8,880	13,881
9,393	13,873
10,008	13,852
10,529	13,907
10,944	13,847
11,354	13,873
11,734	13,879
12,219	13,901
12,692	13,857
13,218	13,902
13,686	14,011
14,081	14,194
14,395	14,505
14,689	14,812
14,974	15,092
15,317	15,353
15,703	15,469
16,063	15,291
16,464	14,911
16,991	14,469
17,665	14,139
18,251	13,848
18,755	13,743
19,208	13,724
19,676	13,695
20,153	13,702
20,664	13,695
21,157	13,719
21,745	13,753
22,343	13,730
22,814	13,721
23,234	13,739
23,719	13,730
24,230	13,768
24,649	13,739
25,013	13,669
25,381	13,654
25,764	13,695
26,198	13,634
26,631	13,675
27,109	13,650
27,621	13,637
28,106	13,603
28,972	13,589
30,096	13,616
30,883	13,635
31,630	13,639
32,423	13,650
33,139	13,643
33,716	13,603
34,460	13,583
35,319	13,584
36,138	13,578
37,002	13,547
37,720	13,554
38,349	13,567
38,855	13,535
39,330	13,509
39,807	13,503
40,351	13,533
41,051	13,475
41,541	13,490
42,003	13,489
42,580	13,482
43,062	13,481
43,499	13,465
43,894	13,465
44,212	13,452
44,516	13,405
44,747	13,386
44,776	13,384
44,791	13,381
44,941	13,394
45,272	13,332
45,641	13,298
45,974	13,273
46,141	13,295
46,339	13,327
46,606	13,305
46,928	13,272
47,198	13,278
47,385	13,229
47,597	13,215
47,914	13,280
48,227	13,243
48,611	13,246
48,981	13,217
49,375	13,255
49,730	13,233
50,200	13,225
50,704	13,246
51,079	13,258
51,382	13,226
51,632	13,195
51,802	13,122
51,997	13,120
52,532	13,155
53,198	13,144
53,676	13,154
53,927	13,107
54,287	13,161
54,720	13,155
55,210	13,144
55,724	13,163
56,161	13,161
56,645	13,128
57,130	13,208
57,625	13,204
58,215	13,183
59,345	13,161
60,561	13,123
61,451	13,103
61,767	13,165
62,031	13,118
62,769	13,063
63,602	13,090
64,293	12,990
64,685	12,997
64,989	13,047
65,421	13,015
65,774	13,000
66,017	12,968
66,319	13,016
66,792	13,026
67,502	12,985
68,191	12,969
68,693	12,968
69,139	12,952
69,649	12,961
70,226	12,957
70,713	12,933
71,222	12,945
71,594	12,977
71,895	13,065
72,129	13,055
72,400	13,056
72,703	13,057
73,017	13,120
73,303	13,115
73,568	13,187
73,842	14,537
74,104	13,898
74,407	13,364
74,734	13,124
74,991	13,033
75,276	13,006
75,659	12,937
76,115	12,927
76,539	12,979
76,958	12,984
77,377	13,005
77,769	13,002
78,267	13,027
78,848	13,060
79,281	13,023
79,789	13,024
80,397	13,024
80,948	13,002
81,551	13,040
82,365	13,024
83,200	13,001
83,815	12,997
84,443	13,017
85,161	13,017
85,750	13,050
86,212	13,031
86,757	13,030
87,291	13,045
87,781	13,010
88,024	13,041
88,027	13,042
88,026	13,042
88,024	13,067
88,023	13,049
88,023	13,077
88,021	13,151
88,021	13,118
88,020	13,146
88,020	13,129
88,020	13,133
88,020	13,122
88,018	13,150
88,018	13,151
88,018	13,142
88,018	13,190
88,016	13,167
88,016	13,166
88,016	13,173
88,016	13,181
88,016	13,163
88,015	13,125
88,015	13,150
88,015	13,133
88,015	13,173
88,015	13,186
88,015	13,166
88,013	13,159
88,013	13,192
88,013	13,138
88,013	13,156
88,013	13,113
88,013	13,113
88,013	13,123
88,013	13,167
88,013	13,184
88,013	13,179
88,013	13,129
88,013	13,181
88,013	13,138
88,012	13,144
88,012	13,129
88,012	13,180
88,012	13,141
88,012	13,190
88,012	13,177
88,012	13,230
88,012	13,221
88,012	13,243
88,012	13,306
88,012	13,250
88,012	13,298
88,012	13,241
88,012	13,268
88,012	13,200
88,012	13,227
88,012	13,241
88,012	13,253
88,012	13,257
88,012	13,244
88,012	13,270
88,012	13,227
88,012	13,238
88,012	13,274
88,010	13,259
88,010	13,220
88,010	13,241
88,010	13,223
88,010	13,224
88,010	13,198
88,010	13,211
88,010	13,197
88,010	13,180
88,010	13,202
88,010	13,198
88,010	13,132
88,010	13,173
88,010	13,170
88,010	13,152
88,010	13,190
88,010	13,011
88,010	12,909
88,010	12,929
88,010	12,891
88,010	12,931
88,010	12,893
88,010	12,892
88,010	12,892
88,010	12,883
88,010	12,934
88,010	12,890
88,010	12,854
88,010	12,844
88,010	12,858
88,009	12,823
88,009	12,851
88,009	12,834
88,009	12,865
88,009	12,855
88,009	12,858
88,009	12,851
88,009	12,837
88,009	12,820
88,009	12,854
88,009	12,865
88,009	12,887
88,009	12,895
88,009	12,900
88,009	12,799
88,009	12,831
88,009	12,900
88,009	12,851
88,009	12,869
88,009	12,913
88,009	12,850
88,007	12,885
88,007	12,933
88,007	12,898
88,007	12,887
88,007	12,939
88,007	12,929
88,007	12,966
88,007	12,954
88,007	12,944
88,007	13,003
88,007	12,958
88,007	12,999
88,007	12,993
88,007	12,983
88,007	12,998
88,007	12,945
88,007	12,973
88,007	12,936
88,007	12,903
88,007	12,933
88,007	12,901
88,007	12,899
88,007	12,882
88,007	12,935
88,007	12,882
88,007	12,893
88,007	12,943
88,007	12,982
88,007	12,936
88,007	12,957
88,007	12,946
88,007	12,984
88,007	12,961
88,007	12,985
88,007	12,956
88,007	12,994
88,007	13,011
88,007	12,988
88,007	13,053
88,007	13,024
88,007	13,014
88,007	13,018
88,007	13,033
88,007	13,040
88,007	13,060
88,007	13,036
88,007	13,040
88,007	12,985
88,007	12,963
88,007	12,980
88,007	12,984
88,007	12,928
88,007	12,952
88,007	12,965
88,007	12,952
88,007	12,931
88,007	12,953
88,007	13,010
88,007	12,984
88,007	13,016
88,007	12,986
88,007	13,026
88,007	13,046
88,007	13,002
88,007	12,998
88,007	13,027
88,007	12,997
88,007	12,968
88,007	13,029
88,007	12,991
88,007	13,014
88,007	13,038
88,007	12,995
88,007	13,022
88,007	13,026
88,007	13,040
88,007	12,986
88,007	12,977
88,007	13,024
88,007	12,949
88,007	12,957
88,007	12,984
88,007	13,007
88,007	13,006
88,007	12,981
88,007	13,012
88,007	13,007
88,007	13,036
88,007	13,076
88,007	13,042
88,007	13,061
88,007	13,071
88,007	13,053
88,007	13,039
88,007	13,018
88,007	13,036
88,007	13,056
88,007	13,041
88,007	13,019
88,007	13,041
88,005	13,053
88,005	13,047
88,005	13,057
88,005	13,027
88,005	13,070
88,005	13,060
88,005	13,051
88,005	13,051
88,005	13,027
88,005	13,037
88,005	13,075
88,005	13,081
88,005	13,020
88,005	13,092
88,005	13,081
88,005	13,073
88,005	13,043
88,005	13,040
88,005	13,011
88,005	13,092
88,005	13,094
88,005	13,076
88,005	13,081
88,005	13,109
88,005	13,109
88,005	13,099
88,005	13,136
88,005	13,059
88,005	13,100
88,005	13,118
88,005	13,116
88,005	13,113
88,005	13,052
88,005	13,045
88,005	13,006
88,005	13,012
88,005	13,000
88,005	12,983
88,005	12,961
88,005	12,989
88,005	13,000
88,005	13,041
88,005	13,013
88,005	13,023
88,005	13,013
88,005	12,964
88,005	12,976
88,005	12,932
88,005	12,944
88,005	12,915
88,005	12,910
88,005	12,902
88,005	12,943
88,005	12,967
88,005	12,973
88,005	13,013
88,005	12,961
88,005	12,999
88,005	12,939
88,005	12,991
88,005	13,018
88,005	12,991
88,005	13,013
88,005	12,998
88,005	12,961
88,005	13,035
88,005	12,954
88,005	12,982
88,005	12,995
88,005	13,001
88,005	12,994
88,005	12,930
88,005	12,977
88,005	12,924
88,005	12,972
88,005	12,975
88,005	12,955
88,005	12,970
88,005	12,957
88,005	12,970
88,005	12,942
88,005	12,897
88,005	12,853
88,005	12,828
88,005	12,831
88,005	12,759
88,004	12,752
88,004	12,781
88,004	12,748
88,004	12,748
88,004	12,724
88,004	12,699
88,004	12,735
88,004	12,711
88,004	12,684
88,004	12,670
88,004	12,678
88,004	12,670
88,004	12,627
88,004	12,648
88,004	12,610
88,004	12,605
88,004	12,672
88,004	12,676
88,004	12,660
88,004	12,592
88,004	12,554
88,004	12,525
88,004	12,495
88,004	12,558
88,004	12,473
88,004	12,474
88,004	12,430
88,004	12,432
88,004	12,436
88,004	12,387
88,004	12,376
88,004	12,388
88,004	12,388
88,004	12,370
88,004	12,368
88,004	12,371
88,004	12,281
88,004	12,332
88,004	12,300
88,004	12,260
88,004	12,315
88,004	12,290
88,004	12,337
88,004	12,353
88,004	12,348
88,004	12,305
88,004	12,305
88,004	12,291
88,004	12,305
88,004	12,275
88,004	12,265
88,004	12,240
88,004	12,229
88,004	12,204
88,004	12,234
88,004	12,235
88,004	12,214
88,004	12,197
88,004	12,166
88,004	12,134
88,004	12,142
88,004	12,127
88,004	12,120
88,004	12,100
88,004	12,110
88,004	12,071
88,004	12,093
88,004	12,023
88,004	12,062
88,004	12,033
88,004	11,994
88,004	12,023
88,004	12,000
88,004	11,963
88,004	12,014
88,004	12,009
88,004	11,954
88,004	11,919
88,004	11,900
88,004	11,926
88,004	11,906
88,004	11,893
88,004	11,871
88,004	11,833
88,004	11,849
88,004	11,827
88,004	11,857
88,004	11,805
88,004	11,785
88,004	11,809
88,004	11,808
88,004	11,827
88,004	11,780
88,004	11,823
88,004	11,817
88,004	11,824
88,004	11,843
88,004	11,799
88,004	11,772
88,004	11,806
88,004	11,797
88,004	11,823
88,004	11,798
88,004	11,767
88,004	11,815
88,005	11,830
88,004	11,799
88,004	11,827
88,004	11,781
88,004	11,826
88,004	11,812
88,004	11,801
88,004	11,813
88,004	11,798
88,004	11,772
88,004	11,758
88,004	11,767
88,004	11,759
88,004	11,739
88,004	11,771
88,004	11,711
88,004	11,708
88,004	11,684
88,004	11,750
88,004	11,706
88,004	11,665
88,004	11,716
88,004	11,730
88,004	11,697
88,004	11,734
88,004	11,725
88,004	11,669
88,004	11,683
88,004	11,715
88,004	11,718
88,004	11,718
88,004	11,709
88,004	11,700
88,004	11,695
88,004	11,650
88,004	11,679
88,004	11,686
88,004	11,651
88,004	11,702
88,004	11,645
88,004	11,660
88,004	11,636
88,004	11,604
88,004	11,616
88,004	11,663
88,004	11,648
88,004	11,661
88,004	11,628
88,004	11,752
88,004	11,778
88,004	11,726
88,004	12,024
88,004	12,043
88,004	12,012
88,004	12,002
88,004	11,992
88,004	11,990
88,004	11,981
88,004	11,988
88,004	11,962
88,004	11,996
88,004	12,032
88,004	12,035
88,004	11,989
88,004	11,936
88,004	11,994
88,004	11,951
88,004	11,967
88,004	11,977
88,004	11,962
88,004	11,958
88,004	11,978
88,004	11,998
88,004	12,006
88,004	11,945
88,004	11,935
88,004	11,949
88,004	11,885
88,004	11,974
88,004	11,926
88,004	11,928
88,004	11,923
88,004	11,916
88,004	11,947
88,004	11,936
88,004	11,895
88,004	11,951
88,004	11,981
88,004	11,929
88,004	11,942
88,004	11,933
88,004	11,893
88,004	11,911
88,004	11,866
88,004	11,897
88,004	11,895
88,004	11,867
88,004	11,857
88,004	11,798
88,004	11,863
88,004	11,806
88,004	11,861
88,004	11,835
88,004	11,835
88,004	11,879
88,004	11,903
88,004	11,836
88,004	11,857
88,004	11,857
88,004	11,826
88,004	11,842
88,004	11,823
88,004	11,773
88,004	11,807
88,004	11,788
88,004	11,822
88,004	11,837
88,004	11,832
88,004	11,768
88,004	11,755
88,004	11,729
88,004	11,755
88,004	11,731
88,004	11,788
88,004	11,701
88,004	11,692
88,004	11,699
88,004	11,675
88,004	11,659
88,004	11,667
88,004	11,659
88,004	11,692
88,004	11,674
88,004	11,672
88,004	11,665
88,004	11,674
88,004	11,660
88,004	11,668
88,004	11,723
88,004	11,665
88,004	11,664
88,002	11,689
88,002	11,711
88,002	11,716
88,002	11,715
87,996	11,698
87,365	11,648
82,816	11,633
75,844	11,622
70,381	11,724
66,575	11,594
62,777	11,544
58,823	11,565
54,931	11,555
50,437	11,499
45,679	11,513
41,510	11,586
38,012	11,640
34,567	11,604
31,144	11,645
27,899	11,655
24,870	11,671
21,953	11,691
18,727	11,688
15,541	11,943
12,712	12,683
9,825	12,054
7,224	11,817
5,003	11,676
3,021	11,677
1,186	11,671
0,693	11,702
0,693	11,695
0,691	11,688
0,691	11,761
0,697	11,735
0,690	11,817
0,690	11,778
0,693	11,816
0,696	11,844
0,691	11,840
0,691	11,873
0,691	11,856
