Posição_Angular(graus)	Intensidade_rel_(%)
0,000	15,127
0,000	15,081
0,000	15,077
0,000	15,128
0,000	15,144
0,000	15,118
0,000	15,134
0,000	15,149
0,000	15,164
0,000	15,112
0,000	15,111
0,000	15,166
0,000	15,175
0,000	15,160
0,013	15,183
0,055	15,172
0,215	15,150
0,463	15,141
0,818	15,136
1,258	15,123
1,755	15,117
2,308	15,121
2,845	15,127
3,534	15,152
4,114	15,143
4,854	15,118
5,611	15,155
6,333	15,322
6,999	15,312
7,604	15,350
8,228	15,341
8,795	15,345
9,244	15,339
9,741	15,395
10,237	15,371
10,656	15,375
11,091	15,411
11,523	15,453
12,024	15,419
12,497	15,492
12,909	15,571
13,364	15,702
13,799	15,962
14,161	16,280
14,550	16,735
15,001	17,263
15,521	17,621
16,148	17,381
16,712	16,594
17,238	16,030
17,874	15,677
18,474	15,460
18,994	15,403
19,494	15,391
19,922	15,351
20,298	15,397
20,844	15,442
21,349	15,452
21,886	15,476
22,445	15,435
22,929	15,474
23,317	15,452
23,760	15,566
24,186	15,503
24,644	15,473
25,045	15,422
25,439	15,472
25,791	15,455
26,100	15,430
26,463	15,426
26,861	15,436
27,205	15,439
27,600	15,423
27,981	15,427
28,408	15,423
28,860	15,373
29,320	15,377
29,762	15,379
30,276	15,373
30,692	15,390
30,992	15,377
31,452	15,377
31,626	15,358
32,096	15,376
32,519	15,404
32,833	15,382
33,083	15,442
33,455	15,399
33,923	15,334
34,279	15,345
34,598	15,355
34,991	15,355
35,398	15,347
35,847	15,343
36,326	15,420
36,714	15,376
37,110	15,384
37,421	15,366
37,811	15,373
38,258	15,424
38,654	15,411
39,025	15,373
39,466	15,396
39,986	15,434
40,437	15,437
40,880	15,432
41,309	15,444
41,758	15,408
42,256	15,377
42,825	15,388
43,385	15,390
43,861	15,403
44,340	15,375
44,810	15,360
45,212	15,339
45,570	15,355
45,991	15,363
46,420	15,367
46,807	15,329
47,224	15,380
47,652	15,358
48,048	15,399
48,448	15,359
48,855	15,372
49,295	15,346
49,647	15,409
50,053	15,384
50,517	15,425
50,939	15,382
51,321	15,415
51,654	15,429
51,968	15,450
52,342	15,448
52,746	15,416
53,234	15,442
53,723	15,377
54,193	15,384
54,728	15,342
55,259	15,328
55,771	15,369
56,294	15,360
56,776	15,383
57,257	15,352
57,725	15,365
58,082	15,324
58,446	15,364
58,877	15,347
59,379	15,308
59,849	15,315
60,237	15,351
60,719	15,343
61,154	15,375
61,632	15,362
62,207	15,354
62,739	15,405
63,232	15,376
63,620	15,351
63,876	15,378
64,090	15,394
64,307	15,388
64,519	15,358
64,794	15,347
65,061	15,345
65,405	15,386
65,881	15,329
66,624	15,347
67,378	15,328
68,012	15,325
68,462	15,295
68,818	15,296
69,146	15,284
69,414	15,323
69,619	15,289
69,913	15,273
70,200	15,275
70,408	15,256
70,628	15,252
70,859	15,253
71,126	15,197
71,446	15,254
71,719	15,161
72,007	15,190
72,271	15,184
72,538	15,216
72,789	15,281
73,121	15,369
73,375	15,375
73,575	15,594
73,865	17,269
74,226	16,277
74,575	15,634
74,957	15,338
75,438	15,206
75,873	15,185
76,352	15,150
77,011	15,225
77,737	15,210
78,347	15,188
79,010	15,214
79,980	15,262
81,039	15,224
81,864	15,204
82,489	15,188
83,059	15,195
83,180	15,161
83,221	15,159
83,271	15,178
83,276	15,113
83,274	15,076
83,271	15,120
83,270	15,078
83,268	15,031
83,266	14,962
83,265	14,972
83,265	14,969
83,265	14,971
83,263	14,948
83,263	14,886
83,263	14,883
83,262	14,864
83,262	14,860
83,262	14,875
83,262	14,885
83,260	14,828
83,260	14,837
83,260	14,834
83,260	14,905
83,260	14,862
83,258	14,839
83,258	14,836
83,258	14,851
83,258	14,853
83,257	14,895
83,257	14,850
83,257	14,821
83,257	14,837
83,257	14,831
83,257	14,797
83,257	14,802
83,257	14,758
83,257	14,794
83,257	14,786
83,257	14,699
83,255	14,715
83,255	14,700
83,255	14,754
83,255	14,742
83,255	14,756
83,255	14,787
83,255	14,761
83,255	14,727
83,255	14,734
83,255	14,746
83,255	14,718
83,255	14,744
83,255	14,749
83,255	14,707
83,255	14,677
83,255	14,773
83,255	14,772
83,255	14,799
83,255	14,724
83,254	14,741
83,254	14,750
83,254	14,717
83,254	14,760
83,254	14,784
83,254	14,731
83,254	14,715
83,254	14,762
83,254	14,770
83,254	14,791
83,254	14,774
83,254	14,777
83,254	14,777
83,254	14,753
83,254	14,736
83,254	14,749
83,254	14,712
83,254	14,747
83,254	14,746
83,254	14,729
83,252	14,663
83,252	14,668
83,252	14,651
83,252	14,647
83,252	14,611
83,252	14,650
83,252	14,598
83,252	14,607
83,252	14,585
83,252	14,576
83,252	14,588
83,252	14,534
83,252	14,553
83,252	14,513
83,252	14,537
83,252	14,534
83,252	14,516
83,252	14,477
83,252	14,549
83,252	14,520
83,252	14,541
83,252	14,508
83,252	14,450
83,252	14,480
83,252	14,480
83,252	14,414
83,252	14,419
83,252	14,415
83,252	14,395
83,252	14,393
83,252	14,377
83,252	14,326
83,251	14,346
83,251	14,369
83,251	14,330
83,251	14,396
83,251	14,412
83,251	14,403
83,251	14,378
83,251	14,367
83,251	14,349
83,251	14,335
83,251	14,315
83,251	14,323
83,251	14,287
83,251	14,292
83,251	14,287
83,251	14,274
83,251	14,290
83,251	14,280
83,251	14,307
83,251	14,311
83,251	14,289
83,251	14,283
83,251	14,276
83,251	14,344
83,251	14,316
83,251	14,320
83,251	14,225
83,251	14,298
83,251	14,290
83,251	14,258
83,251	14,290
83,251	14,270
83,251	14,257
83,251	14,204
83,251	14,254
83,251	14,232
83,251	14,209
83,251	14,268
83,251	14,239
83,251	14,273
83,251	14,254
83,251	14,257
83,251	14,212
83,249	14,226
83,249	14,200
83,249	14,208
83,249	14,210
83,249	14,250
83,249	14,211
83,249	14,172
83,249	14,165
83,249	14,161
83,249	14,191
83,249	14,190
83,249	14,197
83,249	14,151
83,249	14,153
83,249	14,139
83,249	14,099
83,249	14,110
83,249	14,129
83,249	14,114
83,249	14,121
83,249	14,143
83,249	14,087
83,249	14,102
83,249	14,101
83,249	14,126
83,249	14,151
83,249	14,110
83,249	14,112
83,249	14,089
83,249	14,133
83,249	14,086
83,249	14,080
83,249	14,044
83,249	14,104
83,249	14,080
83,249	14,099
83,249	14,076
83,249	14,071
83,249	14,048
83,249	14,028
83,249	14,016
83,249	14,047
83,249	13,988
83,249	13,977
83,249	13,989
83,249	14,010
83,249	13,979
83,249	14,008
83,249	14,053
83,249	13,995
83,249	13,996
83,249	14,028
83,249	14,038
83,249	14,042
83,247	14,026
83,247	14,003
83,247	13,966
83,247	13,970
83,247	14,001
83,247	13,903
83,247	13,938
83,247	13,954
83,247	13,886
83,247	13,903
83,247	13,919
83,247	13,874
83,247	13,890
83,247	13,916
83,247	13,890
83,247	13,880
83,247	13,890
83,247	13,858
83,247	13,890
83,247	13,892
83,247	13,887
83,247	13,904
83,247	13,862
83,247	13,857
83,247	13,886
83,247	13,865
83,247	13,876
83,247	13,823
83,247	13,842
83,247	13,870
83,247	13,871
83,247	13,878
83,247	13,876
83,247	13,840
83,247	13,847
83,247	13,870
83,247	13,839
83,247	13,895
83,247	13,827
83,247	13,844
83,247	13,835
83,247	13,834
83,247	13,837
83,247	13,837
83,247	13,826
83,247	13,833
83,247	13,840
83,247	13,824
83,247	13,813
83,247	13,837
83,247	13,824
83,247	13,799
83,247	13,829
83,247	13,823
83,247	13,838
83,247	13,815
83,247	13,832
83,247	13,823
83,247	13,840
83,247	13,864
83,247	13,887
83,247	13,822
83,247	13,845
83,247	13,818
83,247	13,795
83,247	13,789
83,247	13,707
83,247	13,671
83,247	13,695
83,247	13,690
83,247	13,735
83,247	13,702
83,247	13,751
83,247	13,792
83,247	13,773
83,247	13,789
83,247	13,751
83,247	13,816
83,247	13,784
83,247	13,776
83,247	13,752
83,247	13,803
83,247	13,779
83,247	13,787
83,247	13,840
83,247	13,868
83,247	13,779
83,247	13,839
83,247	13,792
83,247	13,801
83,247	13,807
83,246	13,822
83,246	13,800
83,246	13,794
83,246	13,769
83,246	13,795
83,246	13,747
83,246	13,739
83,246	13,749
83,246	13,762
83,246	13,708
83,246	13,708
83,246	13,667
83,246	13,661
83,246	13,625
83,246	13,645
83,246	13,612
83,246	13,608
83,246	13,610
83,246	13,608
83,246	13,613
83,246	13,565
83,246	13,569
83,246	13,585
83,246	13,504
83,246	13,580
83,246	13,543
83,246	13,615
83,246	13,570
83,246	13,541
83,246	13,543
83,246	13,576
83,246	13,579
83,246	13,595
83,246	13,616
83,246	13,605
83,246	13,644
83,246	13,616
83,246	13,606
83,246	13,613
83,246	13,619
83,246	13,630
83,246	13,596
83,246	13,601
83,246	13,545
83,246	13,543
83,246	13,502
83,246	13,527
83,246	13,481
83,246	13,465
83,246	13,490
83,246	13,459
83,246	13,437
83,246	13,524
83,246	13,512
83,246	13,523
83,246	13,504
83,246	13,533
83,246	13,507
83,246	13,478
83,246	13,558
83,246	13,589
83,246	13,549
83,246	13,549
83,246	13,522
83,246	13,560
83,246	13,586
83,246	13,557
83,246	13,553
83,246	13,576
83,246	13,542
83,246	13,569
83,246	13,507
83,246	13,507
83,246	13,547
83,246	13,509
83,246	13,463
83,246	13,462
83,246	13,480
83,246	13,466
83,246	13,414
83,246	13,437
83,246	13,471
83,246	13,445
83,246	13,438
83,246	13,437
83,246	13,490
83,246	13,463
83,246	13,450
83,246	13,468
83,246	13,465
83,246	13,457
83,246	13,469
83,246	13,497
83,246	13,508
83,246	13,446
83,246	13,486
83,246	13,507
83,246	13,479
83,246	13,427
83,246	13,381
83,246	13,385
83,246	13,348
83,246	13,297
83,246	13,360
83,246	13,370
83,246	13,342
83,246	13,337
83,246	13,382
83,246	13,330
83,246	13,310
83,246	13,286
83,246	13,329
83,246	13,345
83,246	13,378
83,246	13,330
83,246	13,340
83,246	13,298
83,246	13,291
83,246	13,303
83,246	13,306
83,246	13,301
83,246	13,299
83,246	13,256
83,246	13,246
83,246	13,255
83,246	13,245
83,246	13,234
83,246	13,250
83,246	13,266
83,246	13,211
83,246	13,228
83,246	13,238
83,246	13,216
83,246	13,159
83,246	13,186
83,246	13,231
83,246	13,191
83,246	13,247
83,246	13,264
83,246	13,276
83,246	13,174
83,246	13,206
83,246	13,160
83,246	13,160
83,246	13,105
83,246	12,937
83,246	12,976
83,246	12,991
83,246	12,954
83,246	12,974
83,246	12,949
83,246	12,928
83,246	12,960
83,246	12,891
83,246	12,893
83,244	12,871
83,244	12,878
83,244	12,864
83,244	12,833
83,244	12,891
83,244	12,836
83,244	12,811
83,244	12,803
83,244	12,797
83,244	12,813
83,244	12,781
83,244	12,810
83,244	12,869
83,244	12,849
83,244	12,844
83,244	12,849
83,244	12,812
83,244	12,806
83,244	12,768
83,244	12,816
83,244	12,773
83,244	12,771
83,244	12,748
83,244	12,759
83,244	12,770
83,244	12,759
83,244	12,739
83,244	12,691
83,244	12,758
83,244	12,738
83,244	12,387
83,244	12,413
83,244	12,415
83,244	12,383
83,244	12,382
83,244	12,382
83,244	12,342
83,244	12,436
83,244	12,424
83,244	12,399
83,244	12,366
83,244	12,359
83,244	12,364
83,244	12,310
83,244	12,346
83,244	12,352
83,244	12,348
83,244	12,321
83,244	12,269
83,244	12,267
83,244	12,272
83,244	12,264
83,244	12,251
83,244	12,207
83,244	12,206
83,244	12,196
83,244	12,197
83,244	12,173
83,244	12,133
83,244	12,176
83,244	12,131
83,244	12,129
83,244	12,109
83,244	12,138
83,244	12,101
83,244	12,112
83,244	12,115
83,244	12,057
83,244	12,073
83,244	12,081
83,244	12,068
83,244	12,118
83,244	12,005
83,244	11,972
83,244	12,001
83,244	11,933
83,244	11,978
83,244	11,968
83,244	11,966
83,244	11,943
83,244	11,966
83,244	11,976
83,244	11,950
83,244	11,930
83,244	11,909
83,244	11,869
83,244	11,897
83,244	11,879
83,244	11,845
83,244	11,875
83,244	11,856
83,244	11,847
83,244	11,844
83,244	11,825
83,244	11,751
83,244	11,733
83,244	11,775
83,244	11,746
83,244	11,751
83,244	11,740
83,244	11,729
83,244	11,756
83,244	11,769
83,244	11,756
83,244	11,754
83,244	11,689
83,244	11,730
83,244	11,684
83,244	11,688
83,244	11,687
83,244	11,686
83,244	11,691
83,244	11,624
83,244	11,591
83,244	11,573
83,244	11,545
83,244	11,547
83,244	11,572
83,244	11,606
83,244	11,582
83,244	11,550
83,244	11,589
83,244	11,552
83,244	11,536
83,244	11,516
83,244	11,532
83,244	11,506
83,244	11,544
83,244	11,485
83,244	11,438
83,244	11,445
83,244	11,517
83,244	11,546
83,244	11,511
83,244	11,493
83,244	11,458
83,244	11,456
83,244	11,456
83,244	11,424
83,244	11,454
83,244	11,506
83,244	11,468
83,244	11,437
83,244	11,485
83,244	11,451
83,244	11,430
83,244	11,454
83,244	11,426
83,244	11,436
83,244	11,413
83,244	11,465
83,244	11,409
83,244	11,357
83,244	11,355
83,244	11,369
83,244	11,388
83,244	11,372
83,244	11,335
83,244	11,300
83,244	11,314
83,244	11,328
83,244	11,330
83,244	11,344
83,244	11,342
83,244	11,341
83,244	11,319
83,244	11,277
83,244	11,302
83,244	11,277
83,244	11,264
83,244	11,233
83,244	11,203
83,244	11,249
83,244	11,203
83,244	11,130
83,244	11,081
83,244	11,072
83,244	11,055
83,244	11,033
83,244	10,985
83,244	10,951
83,244	10,971
83,244	10,889
83,244	10,901
83,244	10,937
83,244	10,882
83,244	10,895
83,244	10,921
83,244	10,864
83,244	10,858
83,243	10,819
83,243	10,813
83,243	10,778
83,243	10,755
83,243	10,761
83,243	10,757
83,243	10,789
83,243	10,752
83,243	10,728
83,243	10,667
83,243	10,683
83,243	10,631
83,243	10,638
83,243	10,616
83,243	10,619
83,243	10,630
83,243	10,601
83,243	10,571
83,243	10,572
83,243	10,577
83,243	10,554
83,243	10,551
83,243	10,553
83,243	10,564
83,243	10,552
83,243	10,558
83,243	10,532
83,243	10,526
83,243	10,510
83,243	10,479
83,243	10,489
83,243	10,451
83,243	10,393
83,243	10,431
83,243	10,373
83,243	10,406
83,243	10,340
83,243	10,402
83,243	10,341
83,243	10,347
83,243	10,309
83,243	10,333
83,243	10,288
83,243	10,291
83,243	10,275
83,243	10,205
83,243	10,266
83,243	10,247
83,243	10,292
83,243	10,242
83,243	10,216
83,243	10,193
83,243	10,169
83,243	10,158
83,243	10,090
83,243	10,122
83,243	10,105
83,243	10,042
83,243	10,074
83,243	10,088
83,243	10,095
83,243	10,086
83,243	10,120
83,243	10,080
83,243	10,117
83,243	10,087
83,243	10,066
83,243	10,063
83,243	10,004
83,243	10,029
83,243	10,040
83,243	9,971
83,243	10,001
83,243	9,995
83,243	9,970
83,243	9,947
83,243	9,968
83,243	9,994
83,243	9,960
83,243	9,936
83,243	9,979
83,243	9,923
83,243	9,939
83,243	9,939
83,243	9,899
83,243	9,895
83,243	9,915
83,243	9,897
83,243	9,878
83,243	9,824
83,243	9,856
83,243	9,865
83,243	9,838
83,243	9,792
83,243	9,819
83,243	9,823
83,243	9,791
83,243	9,785
83,243	9,759
83,243	9,725
83,243	9,722
83,243	9,698
83,243	9,658
83,243	9,694
83,243	9,635
83,243	9,654
83,243	9,631
83,243	9,584
83,243	9,584
83,243	9,554
83,243	9,576
83,243	9,553
83,243	9,566
83,243	9,531
83,243	9,563
83,243	9,510
83,243	9,493
83,243	9,505
83,243	9,512
83,243	9,548
83,243	9,541
83,243	9,489
83,243	9,505
83,243	9,442
83,243	9,421
83,243	9,424
83,243	9,343
83,243	9,319
83,243	9,324
83,243	9,347
83,243	9,314
83,243	9,303
83,243	9,338
83,243	9,341
83,243	9,338
83,243	9,285
83,243	9,249
83,243	9,262
83,243	9,241
83,243	9,212
83,243	9,268
83,243	9,522
83,243	9,407
83,243	9,459
83,243	9,399
83,243	9,363
83,243	9,404
83,243	9,319
83,243	9,311
83,243	9,350
83,243	9,311
83,243	9,317
83,243	9,318
83,243	9,293
83,243	9,302
83,243	9,265
83,243	9,250
